feature score_xgb: [0.00219031 0.00278485 0.00340811 0.00372533 0.00618417 0.00369093
 0.00340886 0.00381786 0.00426005 0.00444021 0.00487993 0.00772326
 0.01891824 0.022187   0.01469321 0.00805764 0.0131108  0.00990491
 0.00821762 0.02435234 0.00730192 0.00735093 0.00353238 0.00554023
 0.00901895 0.0121855  0.0052531  0.00955204 0.00887125 0.00873633
 0.00716431 0.015573   0.01323046 0.01944922 0.00968455 0.01501067
 0.00533414 0.0189453  0.00469779 0.00645175 0.01058959 0.00666341
 0.00550715 0.00613836 0.00416406 0.00413116 0.00391453 0.00529229
 0.00373405 0.00327282 0.00481488 0.01628054 0.00417782 0.00361648
 0.01327483 0.00485365 0.004354   0.00609247 0.01160158 0.0074656
 0.010248   0.01099143 0.01406867 0.0197713  0.01402067 0.01408873
 0.00908151 0.00797802 0.01431763 0.03180039 0.02082862 0.00539812
 0.00615884 0.00934888 0.00552679 0.01310704 0.01069925 0.00533501
 0.00992867 0.00462928 0.00486687 0.00769717 0.01927479 0.00388766
 0.01362484 0.01177371 0.01016872 0.01011744 0.03050815 0.00528302
 0.01030745 0.00780554 0.00262261 0.00338744 0.00585973 0.01202529
 0.01699889 0.00658973 0.00562119 0.00764567 0.00984453 0.01474915
 0.04923486]


median: 0.0077232593
new_sorted_score_list_pavia_u [0.04923486, 0.031800386, 0.030508146, 0.02435234, 0.022186996, 0.020828621, 0.019771297, 0.019449225, 0.019274786, 0.018945303, 0.018918239, 0.016998895, 0.016280543, 0.015572996, 0.015010665, 0.014749153, 0.014693215, 0.014317634, 0.014088732, 0.014068673, 0.014020666, 0.013624837, 0.013274825, 0.013230458, 0.013110803, 0.013107042, 0.012185499, 0.01202529, 0.011773707, 0.011601579, 0.01099143, 0.010699251, 0.010589587, 0.010307454, 0.010248, 0.010168722, 0.010117442, 0.00992867, 0.009904909, 0.009844534, 0.0096845515, 0.009552045, 0.0093488805, 0.009081509, 0.009018947, 0.008871247, 0.008736333, 0.008217621, 0.008057636, 0.007978025, 0.007805542, 0.0077232593]
new_indices_list_pavia_u [102, 69, 88, 19, 13, 70, 63, 33, 82, 37, 12, 96, 51, 31, 35, 101, 14, 68, 65, 62, 64, 84, 54, 32, 16, 75, 25, 95, 85, 58, 61, 76, 40, 90, 60, 86, 87, 78, 17, 100, 34, 27, 73, 66, 24, 28, 29, 18, 15, 67, 91, 11]
deleted_indices_list_pavia_u [81, 99, 59, 21, 20, 30, 41, 97, 39, 4, 72, 43, 57, 94, 98, 23, 74, 42, 71, 77, 36, 47, 89, 26, 10, 80, 55, 50, 38, 79, 9, 56, 8, 52, 44, 45, 46, 83, 7, 48, 3, 5, 53, 22, 6, 2, 93, 49, 1, 92, 0]






feature score type: PredictionValuesChange with normalization
feature score_cbc: 


[0.17252942 0.25244669 0.20934179 0.37454986 0.26091278 0.13332706
 0.10715947 0.14353623 0.08728297 0.09867132 0.12481485 0.16057669
 0.08624318 0.18409413 0.07711235 0.15574265 0.17494439 0.10268965
 0.09067274 0.07016746 0.05740027 0.01180392 0.02886817 0.08780854
 0.16634486 0.0844535  0.10425591 0.12189577 0.11648988 0.03842181
 0.11322228 0.07997026 0.0846184  0.03555363 0.04890457 0.03635168
 0.01069345 0.01120432 0.01661074 0.03579026 0.01322551 0.01020996
 0.01758969 0.08972563 0.02214585 0.01200461 0.04771173 0.03191855
 0.00567077 0.02965626 0.01873597 0.01792802 0.01540439 0.00703535
 0.03546331 0.02003542 0.01389795 0.04166266 0.07175853 0.12431106
 0.2098322  0.41051051 0.52495273 0.73707598 0.21743237 0.08937398
 0.11402665 0.20894293 0.32609668 0.29487164 0.30715563 0.19828333
 0.19695608 0.28869717 0.1768313  0.22172555 0.14634258 0.0315147
 0.04887481 0.02308814 0.04122012 0.0911786  0.86897906 0.
 0.52234948 0.10742764 0.06488376 0.06584966 0.05080661 0.09424858
 0.02378359 0.01701993 0.06491197 0.01440026 0.01897446 0.12730355
 0.24220977 0.06466673 0.11115803 0.20089989 0.27247104 0.37398889
 1.        ]



median: 0.08937397719372969
new_sorted_score_list_pavia_u [1.0, 0.8689790591425619, 0.7370759804541774, 0.5249527263402539, 0.5223494830510138, 0.4105105134937062, 0.37454986043046434, 0.3739888932016001, 0.3260966801485798, 0.307155631227615, 0.29487164196158305, 0.2886971716594522, 0.2724710360236387, 0.26091277672833374, 0.25244668935826714, 0.24220976781375875, 0.22172554760761407, 0.2174323682751305, 0.2098321953192148, 0.2093417893612547, 0.20894292635106618, 0.20089988765842612, 0.1982833338137877, 0.19695607756409433, 0.18409413317417758, 0.17683129742990392, 0.17494439112424992, 0.1725294189862695, 0.16634486071986812, 0.16057669456338639, 0.15574264618586142, 0.14634257838848244, 0.1435362296818289, 0.13332705921688695, 0.12730354767340285, 0.124814850268532, 0.12431105782638212, 0.12189576971033585, 0.11648988095773394, 0.11402664877336488, 0.11322228475789786, 0.11115803204362493, 0.10742763516319172, 0.10715947403736555, 0.10425591224582059, 0.1026896468419578, 0.09867131634191624, 0.09424858108447658, 0.09117859520174691, 0.0906727404263086, 0.08972563045329263, 0.08937397719372969]
new_indices_list_pavia_u [102, 82, 63, 62, 84, 61, 3, 101, 68, 70, 69, 73, 100, 4, 1, 96, 75, 64, 60, 2, 67, 99, 71, 72, 13, 74, 16, 0, 24, 11, 15, 76, 7, 5, 95, 10, 59, 27, 28, 66, 30, 98, 85, 6, 26, 17, 9, 89, 81, 18, 43, 65]
deleted_indices_list_pavia_u [23, 8, 12, 32, 25, 31, 14, 58, 19, 87, 92, 86, 97, 20, 88, 34, 78, 46, 57, 80, 29, 35, 39, 33, 54, 47, 77, 49, 22, 90, 79, 44, 55, 94, 50, 51, 42, 91, 38, 52, 93, 56, 40, 45, 21, 37, 36, 41, 53, 48, 83]



[99 98 97 94 93 92 89 83 81 80 79 77 74 72 71 59 57 56 55 53 52 50 49 48
 47 46 45 44 43 42 41 39 38 36 30 26 23 22 21 20 10  9  8  7  6  5  4  3
  2  1  0]
[97 94 93 92 91 90 88 87 86 83 80 79 78 77 58 57 56 55 54 53 52 51 50 49
 48 47 46 45 44 42 41 40 39 38 37 36 35 34 33 32 31 29 25 23 22 21 20 19
 14 12  8]



[1.19477887 1.71312932 1.43354714 2.50510123 1.7680411  0.94050891
 0.77078365 1.00672649 0.64186291 0.71572871 0.88529797 1.11725244
 0.63511871 1.26978862 0.57589538 1.08589838 1.21044259 0.74179196
 0.66384924 0.53085021 0.44804108 0.15229911 0.26297938 0.64527181
 1.15466528 0.62351071 0.75195089 0.86636456 0.83130149 0.32494511
 0.81010757 0.59443203 0.62458027 0.30634183 0.39293723 0.31151806
 0.14509654 0.14841004 0.18347658 0.30787662 0.16151967 0.14196055
 0.18982616 0.65770621 0.21937778 0.1536008  0.38520034 0.28276436
 0.11251896 0.26809096 0.19726105 0.19202057 0.17565211 0.12136977
 0.30575599 0.20568934 0.16588121 0.34596557 0.54116999 0.88203033
 1.43672796 2.73834519 3.48062746 4.85647755 1.48602335 0.65542535
 0.81532475 1.43096008 2.19082964 1.98830129 2.06797633 1.36182102
 1.35321232 1.94825313 1.22268123 1.51386929 1.02492871 0.28014497
 0.39274419 0.22548955 0.34309518 0.66713026 5.71201253 0.07573787
 3.46374259 0.77252297 0.49657963 0.50284458 0.40527401 0.68704246
 0.23000031 0.18613066 0.49676263 0.16913924 0.19880788 0.90143988
 1.64673174 0.49517198 0.79671865 1.37879222 1.84300899 2.50146275
 6.56182588]





